[63FD6149]
;FEI-1210016
935E,2.00,2297,-8192,-1356
95BE,2.00,2774,-8063,-1327
964A,2.00,2886,-8030,-1322
96C5,2.00,2976,-7988,-1314
97EA,2.00,3206,-7908,-1295
98E2,2.00,3404,-7838,-1278
98E3,2.00,3406,-7836,-1279
9A75,2.00,3705,-7713,-1253
9AE5,2.00,3790,-7674,-1245
9B7D,2.00,3903,-7620,-1234
9C30,2.00,4036,-7557,-1218
9C30,2.00,4037,-7556,-1219
9DAB,2.00,4313,-7418,-1188
9E8F,2.00,4479,-7331,-1171
9F23,2.00,4583,-7269,-1159
A06C,2.00,4814,-7131,-1128
A0DC,2.00,4889,-7083,-1118
A255,2.00,5149,-6913,-1080
A4C5,2.00,5567,-6616,-1012
A4C3,2.00,5566,-6616,-1010
A58C,2.00,5705,-6514,-986
A69B,2.00,5872,-6372,-955
A712,2.00,5944,-6307,-943
A877,2.00,6167,-6110,-895
A98A,2.00,6331,-5953,-861
AB30,2.00,6560,-5697,-806
ABB3,2.00,6641,-5623,-788
AC75,2.00,6738,-5499,-761
ACE8,2.00,6800,-5427,-744
AE45,2.00,6986,-5209,-696
B1D9,2.00,7430,-4612,-566
B34A,2.00,7593,-4358,-511
B480,2.00,7727,-4145,-464
B526,2.00,7787,-4017,-437
B64D,2.00,7900,-3801,-391
B6F9,2.00,7960,-3674,-360
B93A,2.00,8166,-3241,-271
BB3C,2.00,8308,-2848,-188
BD65,2.00,8438,-2417,-96
BF76,2.00,8557,-1999,-1
C1D8,2.00,8639,-1510,102
C345,2.00,8693,-1218,163
C4F9,2.00,8729,-866,238
C725,2.00,8757,-414,334
C984,2.00,8756,81,439
CC8D,2.00,8721,716,571
CF69,2.00,8646,1309,695
D03B,2.00,8606,1480,731
D31B,2.00,8481,2063,853
D644,2.00,8264,2684,983
DAEA,2.00,7866,3576,1173
DBB4,2.00,7803,3731,1205
DED1,2.00,7476,4295,1325
E453,2.00,6807,5223,1519
E453,2.00,6807,5222,1522
E566,2.00,6662,5393,1571
E7C7,2.00,6326,5765,1632
EA73,2.00,5916,6146,1707
EEC7,2.00,5199,6698,1820
EFD6,2.00,5016,6819,1846
F4F9,2.00,4102,7367,1955
F72C,2.00,3686,7563,1993
F92A,2.00,3294,7718,2017
FC3D,2.00,2688,7926,2054
0171,2.00,1645,8176,2102
031D,2.00,1302,8233,2113
0563,2.00,828,8284,2131
08AC,2.00,146,8312,2138
0BAE,2.00,-464,8287,2124
112E,2.00,-1599,8141,2089
1326,2.00,-2001,8056,2070
18F7,2.00,-3151,7696,1990
1BAF,2.00,-3661,7474,1940
1E0D,2.00,-4108,7259,1893
21D8,2.00,-4783,6854,1809
24B8,2.00,-5262,6507,1733
2A91,2.00,-6166,5698,1556
2D19,2.00,-6526,5308,1473
2FC0,2.00,-6880,4889,1383
3275,2.00,-7200,4433,1280
350C,2.00,-7470,3964,1179
3989,2.00,-7866,3109,990
3CC6,2.00,-8094,2483,855
3F34,2.00,-8226,2003,751
429B,2.00,-8378,1306,595
4A2E,2.00,-8483,-257,266
4FFE,2.00,-8353,-1460,-2
5BE8,2.00,-7551,-3786,-487
60BB,2.00,-7039,-4653,-667
67E2,2.00,-6095,-5805,-904
6E06,2.00,-5143,-6657,-1079
766D,2.00,-3628,-7547,-1266
7AD2,2.00,-2785,-7911,-1335
806B,2.00,-1657,-8221,-1393
843A,2.00,-859,-8357,-1419
8740,2.00,-226,-8410,-1426
88F3,2.00,120,-8413,-1424
8A9E,2.00,471,-8415,-1422
8E49,2.00,1242,-8365,-1405
9378,2.00,2305,-8166,-1359
97C7,2.00,3175,-7912,-1299
9ADE,2.00,3785,-7676,-1250
9ED9,2.00,4528,-7302,-1168
A2FE,2.00,5256,-6832,-1063
A6AE,2.00,5871,-6357,-958
AC66,2.00,6728,-5511,-768
B340,2.00,7577,-4361,-513
B493,2.00,7720,-4124,-467
B5B6,2.00,7833,-3910,-422
B764,2.00,7982,-3590,-354
BA09,2.00,8209,-3076,-245
BD28,2.00,8424,-2464,-117
C22C,2.00,8659,-1442,103
C329,2.00,8686,-1240,143
C447,2.00,8719,-1011,192
C5FC,2.00,8745,-656,271
CD3F,2.00,8707,863,588
CE8B,2.00,8674,1135,643
CE6E,2.00,8676,1111,636
CFAB,2.00,8639,1369,692
D357,2.00,8462,2109,849
D5A7,2.00,8328,2571,949
D606,2.00,8291,2643,966
D957,2.00,8038,3291,1102
DBC3,2.00,7800,3746,1201
DE84,2.00,7515,4246,1307
E061,2.00,7311,4574,1379
E25A,2.00,7069,4905,1451
E385,2.00,6920,5095,1492
E4EC,2.00,6742,5330,1542
E723,2.00,6424,5676,1614
E726,2.00,6423,5678,1616
EB49,2.00,5784,6259,1735
EB98,2.00,5743,6306,1743
EF46,2.00,5126,6774,1840
F1F9,2.00,4658,7081,1903
F543,2.00,4061,7412,1967
F742,2.00,3681,7585,2000
F98C,2.00,3235,7760,2040
FB3C,2.00,2888,7881,2064
FF64,2.00,2062,8114,2108
005E,2.00,1866,8160,2118
0398,2.00,1204,8271,2139
056D,2.00,821,8304,2144
0CD8,2.00,-710,8292,2134
0CCE,2.00,-702,8301,2136
1079,2.00,-1458,8195,2115
1171,2.00,-1659,8159,2108
13D1,2.00,-2140,8044,2081
154D,2.00,-2442,7971,2067
16F5,2.00,-2766,7864,2040
186D,2.00,-3054,7758,2019
1947,2.00,-3216,7693,1997
1AE2,2.00,-3523,7568,1971
1CB4,2.00,-3872,7418,1939
1ECD,2.00,-4261,7211,1895
20DB,2.00,-4625,6991,1847
23B0,2.00,-5112,6658,1776
253B,2.00,-5365,6468,1737
2550,2.00,-5379,6456,1734
2755,2.00,-5698,6183,1676
2912,2.00,-5963,5937,1624
2C42,2.00,-6418,5447,1515
2C30,2.00,-6400,5454,1515
2CB2,2.00,-6492,5390,1503
2E98,2.00,-6758,5096,1434
30F0,2.00,-7050,4707,1360
320F,2.00,-7172,4513,1311
3495,2.00,-7448,4060,1216
3721,2.00,-7697,3584,1112
38E6,2.00,-7850,3247,1038
3BD5,2.00,-8066,2676,912
3D5D,2.00,-8161,2375,849
413C,2.00,-8342,1593,676
4631,2.00,-8494,567,455
4758,2.00,-8509,325,404
4950,2.00,-8523,-78,320
524F,2.00,-8286,-1947,-87
561C,2.00,-8071,-2704,-249
6212,2.00,-6910,-4903,-714
665E,2.00,-6350,-5594,-856
6995,2.00,-5854,-6069,-950
6CB9,2.00,-5366,-6502,-1045
7059,2.00,-4765,-6964,-1141
7172,2.00,-4575,-7088,-1165
7276,2.00,-4388,-7203,-1186
736F,2.00,-4207,-7299,-1204
7668,2.00,-3654,-7593,-1269
7929,2.00,-3127,-7823,-1314
793B,2.00,-3113,-7828,-1316
7A89,2.00,-2860,-7928,-1333
7C1D,2.00,-2545,-8044,-1356
7DCC,2.00,-2202,-8134,-1374
7ECA,2.00,-2003,-8198,-1385
8160,2.00,-1471,-8321,-1409
81E3,2.00,-1360,-8336,-1410
8388,2.00,-1014,-8388,-1420
8462,2.00,-838,-8406,-1424
8614,2.00,-478,-8433,-1429
878C,2.00,-174,-8455,-1432
8A98,2.00,462,-8451,-1426
8CC4,2.00,921,-8432,-1420
8F9F,2.00,1525,-8365,-1403
91F8,2.00,2009,-8282,-1386
938E,2.00,2329,-8201,-1366
93A8,2.00,2353,-8194,-1366
91D3,1.95,2027,-8476,-1406
9EE8,1.95,4653,-7489,-1190
A884,1.95,6333,-6274,-917
AF6F,1.95,7317,-5161,-667
B5D8,1.95,8059,-3992,-421
BB40,1.95,8515,-2917,-197
C228,1.95,8920,-1489,113
C90B,1.95,8979,-16,419
CFDE,1.95,8829,1442,724
D32F,1.95,8673,2125,867
D8FE,1.95,8259,3301,1116
E26E,1.95,7220,5033,1488
E7A3,1.95,6502,5891,1664
ECF6,1.95,5642,6633,1816
F3D2,1.95,4416,7433,1972
FAA9,1.95,3073,8032,2106
FC93,1.95,2688,8159,2126
0539,1.95,884,8493,2188
101C,1.95,-1411,8384,2163
1597,1.95,-2544,8112,2097
1A8C,1.95,-3536,7754,2021
2173,1.95,-4831,7069,1869
2C9E,1.95,-6607,5513,1531
2FD7,1.95,-7051,4985,1417
4BC2,1.95,-8672,-600,204
5306,1.95,-8398,-2124,-130
5C01,1.95,-7719,-3900,-508
6488,1.95,-6727,-5405,-820
6AFC,1.95,-5757,-6391,-1020
7558,1.95,-3934,-7623,-1276
78E1,1.95,-3234,-7921,-1335
8344,1.95,-1090,-8512,-1443
864C,1.95,-442,-8581,-1454
8B8F,1.95,669,-8591,-1450
8F53,1.90,1530,-8754,-1461
9684,1.90,3060,-8401,-1398
9E2F,1.90,4617,-7739,-1252
A873,1.90,6455,-6426,-955
AFB4,1.90,7518,-5230,-692
B6FD,1.90,8341,-3848,-391
BEC9,1.90,8915,-2240,-42
CCB7,1.90,9121,791,600
D8A4,1.90,8493,3317,1141
E09F,1.90,7609,4828,1467
F296,1.90,4739,7458,1997
FE64,1.90,2355,8422,2184
0BEA,1.90,-543,8671,2237
1061,1.90,-1505,8548,2205
181F,1.90,-3125,8110,2103
1E56,1.90,-4355,7557,1974
24B6,1.90,-5507,6803,1808
2C76,1.90,-6720,5650,1552
327B,1.90,-7524,4623,1330
39E9,1.90,-8258,3179,1013
4135,1.90,-8715,1665,684
4C33,1.90,-8858,-709,172
54E1,1.90,-8490,-2556,-227
5BB8,1.90,-7899,-3922,-515
66C0,1.90,-6565,-5894,-924
6B8C,1.90,-5787,-6599,-1070
78B1,1.90,-3353,-8104,-1370
7F6C,1.90,-1960,-8548,-1450
8465,1.90,-875,-8741,-1482
893A,1.90,177,-8813,-1485
8D5B,1.85,1120,-9015,-1504
A08E,1.85,5185,-7653,-1193
A6D4,1.85,6341,-6825,-1004
AF5E,1.85,7647,-5412,-695
B9EB,1.85,8807,-3338,-244
C5F3,1.85,9382,-710,361
D0EB,1.85,9192,1740,881
D8A2,1.85,8656,3380,1248
E28C,1.85,7536,5296,1605
F012,1.85,5320,7347,2015
FE0A,1.85,2484,8618,2262
0537,1.85,908,8875,2328
0D77,1.85,-908,8856,2290
14AC,1.85,-2485,8553,2211
1BC8,1.85,-3971,8014,2073
25E8,1.85,-5868,6825,1778
2CAC,1.85,-6963,5786,1526
37A2,1.85,-8312,3759,1139
402C,1.85,-8944,1949,743
466A,1.85,-9117,559,454
4DFF,1.85,-9054,-1130,89
643E,1.85,-7120,-5636,-857
6DFA,1.85,-5544,-7140,-1159
7DA5,1.85,-2402,-8718,-1454
84DE,1.85,-803,-9027,-1517
86A4,1.85,-400,-9060,-1550
88D6,1.85,85,-9080,-1548
88C1,1.85,66,-9082,-1570
8A44,1.85,405,-9082,-1588
8D02,1.85,1034,-9056,-1564
8E7A,1.80,1408,-9257,-1542
99B8,1.80,3925,-8612,-1405
AF21,1.80,7837,-5617,-741
BB74,1.80,9181,-3100,-198
C724,1.80,9645,-449,369
D196,1.80,9403,1941,879
DA0E,1.80,8744,3773,1273
E02E,1.80,8046,4989,1538
E7A1,1.80,6957,6320,1812
F28C,1.80,4968,7828,2114
F8DD,1.80,3674,8456,2231
0148,1.80,1826,8969,2329
0B9F,1.80,-511,9102,2343
1050,1.80,-1569,8976,2308
1B29,1.80,-3929,8255,2148
2347,1.80,-5523,7341,1949
2CBC,1.80,-7119,5896,1636
37D9,1.80,-8519,3792,1172
54DC,1.80,-8927,-2685,-234
5B44,1.80,-8336,-4025,-521
65EB,1.80,-7006,-6037,-939
73B7,1.80,-4562,-8015,-1341
80D9,1.80,-1745,-9069,-1541
85C0,1.80,-618,-9220,-1560
89DA,1.80,319,-9266,-1560
91A7,1.70,2240,-9670,-1540
A3A9,1.70,6284,-7928,-1023
B51D,1.70,9080,-4722,-137
C45E,1.70,10162,-1158,528
CEF3,1.70,10054,1418,1127
DEC9,1.70,8664,4984,1939
E845,1.70,7220,6796,2239
F133,1.70,5489,8087,2558
F487,1.70,4782,8470,2657
04A7,1.70,1094,9578,2670
13E1,1.70,-2532,9315,2500
22D3,1.70,-5790,7845,2016
2CCF,1.70,-7617,6316,1245
36AF,1.70,-8953,4325,744
4CBC,1.70,-9869,-896,-287
5D68,1.70,-8628,-4716,-939
6BA2,1.70,-6460,-7375,-1348
7851,1.70,-3846,-9039,-1445
7FC3,1.70,-2118,-9600,-1452
8569,1.70,-742,-9818,-1437
8910,1.70,143,-9866,-1397
8E4F,1.60,1497,-10327,-1694
982A,1.60,3966,-9730,-1569
A0F1,1.60,6010,-8739,-1358
A931,1.60,7701,-7429,-1057
B300,1.60,9297,-5448,-442
BE8C,1.60,10478,-2699,-29
CA6B,1.60,10782,355,610
D8DA,1.60,9894,3965,1381
E456,1.60,8338,6464,1894
EBC0,1.60,6962,7790,2166
F4F1,1.60,4988,9061,2411
FF9B,1.60,2426,9956,2576
0DC7,1.60,-1130,10150,2590
1AFF,1.60,-4379,9287,2400
2193,1.60,-5840,8484,2223
265A,1.60,-6825,7757,2068
2B87,1.60,-7756,6830,1863
35B1,1.60,-9310,4750,1416
3F37,1.60,-10212,2470,923
4888,1.60,-10498,104,412
5BAB,1.60,-9373,-4630,-589
6675,1.60,-7775,-6888,-1055
6F79,1.60,-6043,-8411,-1359
75A9,1.60,-4677,-9214,-1513
7C5B,1.60,-3085,-9865,-1633
829A,1.60,-1526,-10249,-1699
850E,1.60,-895,-10324,-1710
8885,1.60,-10,-10381,-1713
89B1,1.60,285,-10376,-1712
8F27,1.50,1786,-10871,-1775
983D,1.50,4192,-10267,-1635
A2FB,1.50,6798,-8926,-1347
B1AA,1.50,9603,-6055,-712
C55A,1.50,11354,-1002,355
CD35,1.50,11316,1150,807
DC9A,1.50,10014,5121,1645
E708,1.50,8313,7399,2103
F478,1.50,5368,9529,2517
051A,1.50,1106,10755,2734
14B2,1.50,-3024,10359,2633
1F83,1.50,-5688,9240,2395
25DB,1.50,-7101,8272,2188
2CBF,1.50,-8434,6981,1914
3D09,1.50,-10605,3171,1094
48AB,1.50,-11080,69,428
63D5,1.50,-8680,-6742,-992
6F18,1.50,-6472,-8820,-1412
799A,1.50,-3966,-10165,-1668
7D61,1.50,-2998,-10496,-1724
84FE,1.50,-970,-10882,-1789
880C,1.50,-147,-10952,-1791
8922,1.50,144,-10970,-1794
8E29,1.30,1663,-12128,-1914
9520,1.30,3729,-11742,-1825
9A8E,1.30,5281,-11188,-1712
9F05,1.30,6505,-10573,-1590
A531,1.30,8069,-9524,-1373
A9DE,1.30,9152,-8593,-1173
B1D1,1.30,10696,-6706,-773
BB57,1.30,11980,-4097,-223
C7C2,1.30,12658,-362,554
D24B,1.30,12286,2825,1216
D813,1.30,11720,4508,1557
E439,1.30,9763,7626,2175
FAD6,1.30,4174,11328,2868
005B,1.30,2595,11743,2938
0950,1.30,-36,11997,2985
0FD4,1.30,-1949,11825,2946
1B6A,1.30,-5232,10844,2737
2375,1.30,-7321,9647,2492
2CC4,1.30,-9387,7772,2104
37AB,1.30,-11196,5044,1533
5218,1.30,-11973,-2738,-108
6429,1.30,-9573,-7577,-1091
743B,1.30,-5870,-10627,-1679
7F98,1.30,-2699,-11840,-1893
872A,1.30,-445,-12176,-1935
8F73,1.30,2032,-12052,-1902
9186,1.30,2645,-11954,-1879
8BAE,2.05,675,-8166,-1370
9388,2.05,2258,-7920,-1313
A1DF,2.05,4916,-6756,-1051
AFA9,2.05,6937,-4829,-629
BF22,2.05,8267,-2004,-24
EE91,2.05,5078,6481,1749
F57E,2.05,3885,7194,1894
FF9E,2.05,1956,7867,2028
08D6,2.05,111,8066,2061
0E6F,2.05,-1001,7997,2047
1720,2.05,-2706,7604,1953
2437,2.05,-5018,6366,1687
2CBA,2.05,-6270,5201,1435
39DC,2.05,-7639,2954,949
3F0E,2.05,-7962,1967,734
4F2A,2.05,-8105,-1250,41
5BD8,2.05,-7316,-3654,-466
6A57,2.05,-5534,-5956,-943
747C,2.05,-3867,-7134,-1183
7F72,2.05,-1797,-7920,-1341
89A5,2.05,254,-8149,-1375
8954,2.05,198,-8150,-1373
8E27,2.10,1166,-7928,-1322
92D2,2.10,2069,-7764,-1290
977C,2.10,2955,-7516,-1235
A0DE,2.10,4639,-6713,-1057
A7C0,2.10,5734,-5878,-874
ACA6,2.10,6410,-5183,-725
AFB6,2.10,6788,-4715,-624
B3DA,2.10,7243,-4027,-477
B9B7,2.10,7760,-2977,-252
BD71,2.10,7999,-2281,-106
C133,2.10,8180,-1564,49
C2FB,2.10,8238,-1215,123
C859,2.10,8327,-159,345
CDB5,2.10,8260,909,564
D1AC,2.10,8111,1677,727
E39E,2.10,6565,4849,1397
E757,2.10,6084,5408,1513
EC53,2.10,5334,6072,1643
F4EC,2.10,3904,6967,1826
FC79,2.10,2516,7520,1943
05F8,2.10,679,7851,2005
1915,2.10,-2993,7276,1870
1CC9,2.10,-3646,6980,1809
277E,2.10,-5394,5810,1561
2CE9,2.10,-6138,5047,1400
4030,2.10,-7817,1704,676
486C,2.10,-8006,99,329
65CB,2.10,-6024,-5177,-786
74CD,2.10,-3717,-6999,-1160
7F75,2.10,-1750,-7733,-1308
876B,2.10,-182,-7955,-1343
89A2,2.10,250,-7961,-1342
8E5A,2.10,1193,-7904,-1322
8DC2,2.15,1065,-7718,-1288
9677,2.15,2694,-7366,-1208
9971,2.15,3241,-7176,-1166
9FCD,2.15,4341,-6632,-1047
AB4B,2.15,6063,-5231,-740
C1B2,2.15,7956,-1422,69
CA6D,2.15,8097,251,412
D4F9,2.15,7728,2245,831
DA79,2.15,7329,3230,1036
E595,2.15,6148,5006,1408
F7E7,2.15,3280,7027,1817
074C,2.15,412,7648,1939
1C78,2.15,-3486,6805,1756
25C0,2.15,-4986,5866,1558
2D04,2.15,-5976,4896,1351
3A1F,2.15,-7256,2755,885
448F,2.15,-7724,832,473
535F,2.15,-7514,-1969,-126
6A67,2.15,-5238,-5651,-887
8516,2.15,-615,-7695,-1298
88D6,2.15,96,-7734,-1300
8E03,2.20,1084,-7487,-1247
967A,2.20,2624,-7152,-1168
9DEF,2.20,3915,-6611,-1051
A4A9,2.20,4967,-5919,-889
B64B,2.20,7052,-3390,-350
BDF5,2.20,7568,-2060,-69
C727,2.20,7821,-371,282
C87B,2.20,7866,-121,334
D549,2.20,7457,2225,814
E229,2.20,6373,4363,1259
EBBC,2.20,5136,5669,1523
F4CB,2.20,3718,6575,1709
056A,2.20,756,7419,1878
0ED2,2.20,-981,7363,1858
232C,2.20,-4474,5995,1566
26AE,2.20,-4985,5602,1480
2D45,2.20,-5833,4725,1288
4259,2.20,-7488,1219,544
4DBF,2.20,-7540,-890,93
5A47,2.20,-6905,-3122,-376
7C21,2.20,-2254,-7183,-1201
8A7C,2.20,408,-7554,-1268
8E18,2.20,1096,-7506,-1251
8F00,2.20,1264,-7487,-1245
8B63,2.30,565,-7161,-1188
923A,2.30,1772,-7001,-1154
A111,2.30,4185,-5956,-927
AE8C,2.30,5918,-4341,-576
BAF7,2.30,6967,-2436,-183
C7E6,2.30,7368,-218,279
D455,2.30,7066,1927,717
DF74,2.30,6258,3697,1080
E4CD,2.30,5699,4449,1239
ED57,2.30,4603,5474,1448
F89B,2.30,2891,6460,1648
FEEB,2.30,1843,6791,1717
0A97,2.30,-176,6988,1755
1723,2.30,-2324,6589,1664
1FD1,2.30,-3692,5955,1525
2CB6,2.30,-5403,4514,1211
383E,2.30,-6503,2825,852
3F4F,2.30,-6897,1674,607
4C97,2.30,-7068,-627,121
4BF3,2.30,-7075,-510,141
598E,2.30,-6503,-2792,-329
6571,2.30,-5382,-4537,-690
7531,2.30,-3221,-6247,-1033
7D2D,2.30,-1924,-6768,-1135
82F9,2.30,-919,-6987,-1171
8A27,2.30,335,-7081,-1186
905A,2.40,1390,-6711,-1109
977A,2.40,2547,-6412,-1046
A9ED,2.40,5168,-4754,-693
B682,2.40,6403,-3021,-330
C36C,2.40,7046,-959,99
D4FE,2.40,6784,1965,697
DA59,2.40,6436,2797,865
E36E,2.40,5639,4107,1137
EA2C,2.40,4852,4930,1319
F4B5,2.40,3399,5931,1525
FC07,2.40,2255,6394,1617
0A01,2.40,-75,6725,1683
10B5,2.40,-1182,6604,1655
18E2,2.40,-2498,6222,1575
21BF,2.40,-3820,5552,1437
27FA,2.40,-4645,4913,1303
36A5,2.40,-6119,2952,888
46E7,2.40,-6793,342,330
56C5,2.40,-6416,-2266,-222
6C01,2.40,-4384,-5139,-806
7B0F,2.40,-2176,-6383,-1056
8EA0,2.40,1089,-6727,-1116
9145,2.40,1529,-6655,-1104
8B41,2.50,509,-6471,-1070
92FE,2.50,1742,-6309,-1032
A6F5,2.50,4579,-4847,-721
A6F5,2.50,4581,-4847,-720
B277,2.50,5775,-3439,-425
C038,2.50,6597,-1413,-1
C038,2.50,6597,-1412,-2
CA9C,2.50,6733,237,332
CD51,2.50,6691,665,419
D516,2.50,6430,1876,666
DA3B,2.50,6123,2638,819
DE8C,2.50,5806,3251,945
E52F,2.50,5181,4122,1127
ED91,2.50,4196,5025,1313
F549,2.50,3148,5686,1443
FC2D,2.50,2123,6093,1524
02E7,2.50,1068,6331,1572
10B3,2.50,-1113,6288,1556
1B83,2.50,-2756,5755,1440
2477,2.50,-3981,5029,1280
2CB4,2.50,-4930,4134,1079
3E29,2.50,-6229,1700,570
4B5C,2.50,-6449,-372,136
5F33,2.50,-5500,-3343,-470
71F9,2.50,-3370,-5439,-890
7D48,2.50,-1723,-6170,-1026
8AAA,2.50,402,-6455,-1069
8A44,2.70,329,-5825,-954
A64E,2.70,4063,-4419,-665
AE00,2.70,4836,-3622,-494
B558,2.70,5418,-2737,-314
BBF0,2.70,5805,-1870,-137
CFF0,2.70,5981,974,431
D7E4,2.70,5672,2068,651
DFA7,2.70,5149,3055,849
EFC9,2.70,3541,4714,1188
F923,2.70,2346,5342,1315
FF52,2.70,1499,5605,1363
062D,2.70,516,5747,1393
0DDE,2.70,-578,5719,1384
149B,2.70,-1533,5532,1345
2355,2.70,-3427,4615,1149
2C8D,2.70,-4407,3729,957
349E,2.70,-5076,2783,767
3F03,2.70,-5625,1415,492
4B97,2.70,-5778,-364,121
53A4,2.70,-5577,-1503,-103
69A3,2.70,-3970,-4173,-636
7639,2.70,-2476,-5196,-838
8A8E,2.70,360,-5802,-949
8BBE,2.90,506,-5254,-848
91C2,2.90,1285,-5149,-826
9876,2.90,2127,-4898,-777
A2F5,2.90,3337,-4257,-647
B10E,2.90,4609,-2939,-374
BEDA,2.90,5336,-1319,-55
C6B7,2.90,5486,-313,142
CE16,2.90,5445,642,327
D57D,2.90,5233,1576,510
D9C8,2.90,5026,2091,612
E04E,2.90,4617,2834,756
ED9D,2.90,3438,4096,1003
F666,2.90,2462,4684,1120
043C,2.90,733,5166,1214
0893,2.90,173,5200,1219
0CA9,2.90,-346,5182,1216
15D1,2.90,-1513,4953,1167
2114,2.90,-2837,4345,1040
2CA4,2.90,-3977,3357,844
3677,2.90,-4686,2309,636
4006,2.90,-5106,1151,398
4B5E,2.90,-5230,-295,104
5EE6,2.90,-4459,-2677,-367
6ABA,2.90,-3472,-3850,-594
75DF,2.90,-2265,-4675,-750
7C05,2.90,-1520,-4976,-808
814C,2.90,-852,-5149,-835
8A71,2.90,327,-5238,-850
