[642E6823]
;
B634,2.00,4742,-12279,-1489
BE96,2.00,7034,-11100,-1439
C1E7,2.00,7845,-10478,-1352
C299,2.00,8032,-10347,-1387
C35C,2.00,8205,-10190,-1345
C6F7,2.00,9030,-9442,-1316
C678,2.00,8934,-9567,-1503
C799,2.00,9180,-9313,-1479
C858,2.00,9337,-9145,-1463
C907,2.00,9479,-8984,-1447
C927,2.00,9510,-8956,-1442
CB56,2.00,9949,-8434,-1389
CC4B,2.00,10132,-8191,-1367
CA0B,2.00,9700,-8749,-1421
CA62,2.00,9766,-8668,-1412
CA65,2.00,9769,-8664,-1412
CB9C,2.00,10003,-8367,-1382
CD3B,2.00,10303,-7956,-1341
CEA4,2.00,10559,-7588,-1302
D110,2.00,10961,-6938,-1229
D09C,2.00,10889,-7057,-1244
D211,2.00,11108,-6661,-1197
D2F2,2.00,11237,-6413,-1166
D2FB,2.00,11243,-6400,-1163
D531,2.00,11544,-5762,-1083
D78B,2.00,11825,-5075,-994
D7D0,2.00,11850,-4992,-984
D8A8,2.00,11938,-4739,-951
DB4F,2.00,12183,-3931,-839
DD47,2.00,12325,-3307,-750
DE87,2.00,12403,-2915,-694
E0DB,2.00,12517,-2175,-586
E0DD,2.00,12517,-2173,-587
E7DF,2.00,12608,76,-237
E93A,2.00,12577,515,-158
EAEE,2.00,12513,1062,-61
EDF8,2.00,12354,2026,103
EE7C,2.00,12320,2185,137
F06A,2.00,12167,2799,249
F302,2.00,11932,3598,398
F4F2,2.00,11722,4179,506
F6A5,2.00,11517,4680,605
FA32,2.00,11025,5699,813
FA32,2.00,11026,5698,814
FCB4,2.00,10619,6393,964
01DD,2.00,9659,7718,1263
02C6,2.00,9474,7939,1316
07DD,2.00,8380,9085,1584
0971,2.00,7999,9415,1675
0E94,2.00,6739,10366,1917
1AD6,2.00,3379,11939,2406
1DAB,2.00,2561,12150,2498
2028,2.00,1839,12290,2578
24F7,2.00,431,12430,2697
2983,2.00,-899,12415,2799
2BED,2.00,-1609,12347,2837
2BE8,2.00,-1603,12348,2841
3045,2.00,-2855,12122,2899
32B7,2.00,-3548,11937,2919
386F,2.00,-5114,11354,2937
4195,2.00,-7426,9961,2880
4979,2.00,-9170,8371,2737
4D8C,2.00,-9946,7407,2630
5033,2.00,-10397,6746,2549
5616,2.00,-11270,5152,2333
591C,2.00,-11625,4286,2207
5B1C,2.00,-11824,3698,2115
606B,2.00,-12213,2077,1853
66C4,2.00,-12402,91,1512
69E7,2.00,-12381,-903,1327
6C76,2.00,-12306,-1717,1167
6EFA,2.00,-12185,-2513,1008
7793,2.00,-11399,-5134,473
7A28,2.00,-11061,-5890,310
7DA8,2.00,-10514,-6869,99
80C3,2.00,-9980,-7694,-92
80A6,2.00,-10002,-7663,-83
87D4,2.00,-8523,-9414,-503
8D9F,2.00,-7131,-10616,-836
9009,2.00,-6510,-11047,-951
928B,2.00,-5829,-11451,-1067
96D4,2.00,-4635,-12038,-1252
9BD0,2.00,-3176,-12563,-1432
9F69,2.00,-2108,-12823,-1534
A3B8,2.00,-800,-13011,-1628
A639,2.00,-35,-13051,-1676
A91B,2.00,835,-13039,-1721
AF38,2.00,2672,-12804,-1783
B22C,2.00,3556,-12590,-1795
B300,2.00,3792,-12517,-1804
B586,2.00,4516,-12274,-1801
B6CE,2.00,4878,-12136,-1796
B8CE,2.00,5427,-11888,-1789
B9E8,2.00,5728,-11739,-1781
BC0F,2.00,6312,-11430,-1760
BC82,2.00,6431,-11361,-1756
BDF2,2.00,6799,-11131,-1739
BECE,2.00,7023,-10983,-1729
BFCB,2.00,7270,-10812,-1716
C1DF,2.00,7778,-10418,-1683
C278,2.00,7922,-10303,-1672
C396,2.00,8189,-10082,-1653
C4F2,2.00,8506,-9807,-1624
C6A0,2.00,8877,-9449,-1588
C7EF,2.00,9156,-9156,-1556
CA02,2.00,9583,-8672,-1505
C9FF,2.00,9582,-8674,-1505
CB74,2.00,9861,-8323,-1463
CC02,2.00,9970,-8179,-1446
D01E,2.00,10693,-7127,-1312
D23E,2.00,11021,-6545,-1235
D249,2.00,11028,-6532,-1233
D240,2.00,11021,-6545,-1234
D413,2.00,11279,-6029,-1159
D43A,2.00,11301,-5981,-1153
D950,2.00,11891,-4491,-930
DABA,2.00,12021,-4062,-864
DE17,2.00,12273,-3022,-699
DE82,2.00,12296,-2891,-680
E08B,2.00,12403,-2244,-573
E21E,2.00,12461,-1744,-492
E527,2.00,12516,-778,-331
E804,2.00,12503,131,-167
EB3F,2.00,12413,1166,11
EE74,2.00,12246,2172,192
F0E0,2.00,12063,2921,330
F49A,2.00,11701,4064,549
F641,2.00,11506,4551,647
FBF9,2.00,10694,6173,978
FC99,2.00,10588,6335,1015
FEF4,2.00,10170,6956,1146
009E,2.00,9884,7351,1256
01E7,2.00,9627,7683,1338
058B,2.00,8856,8560,1545
08B5,2.00,8151,9232,1703
0B06,2.00,7604,9687,1815
0DBB,2.00,6937,10184,1949
1584,2.00,4878,11343,2293
1993,2.00,3741,11781,2435
1A16,2.00,3594,11829,2462
1B39,2.00,3268,11924,2504
1FFA,2.00,1896,12238,2644
24D2,2.00,481,12385,2767
2954,2.00,-832,12381,2856
30BC,2.00,-2968,12056,2951
31BB,2.00,-3246,11983,2959
3487,2.00,-4034,11742,2968
3538,2.00,-4223,11676,2972
37B8,2.00,-4899,11409,2977
3927,2.00,-5279,11235,2978
3D79,2.00,-6404,10632,2957
3F14,2.00,-6795,10376,2945
3F11,2.00,-6792,10378,2947
400F,2.00,-7040,10202,2933
4326,2.00,-7769,9651,2887
48DA,2.00,-9024,8488,2773
4C25,2.00,-9666,7731,2685
4C98,2.00,-9750,7624,2672
4F9E,2.00,-10282,6875,2575
5188,2.00,-10599,6380,2509
541D,2.00,-10981,5691,2411
5679,2.00,-11302,5024,2314
5624,2.00,-11253,5124,2331
5908,2.00,-11594,4291,2204
5936,2.00,-11614,4240,2197
5AC1,2.00,-11769,3788,2124
5B0E,2.00,-11796,3703,2109
5B0B,2.00,-11795,3708,2108
5B0F,2.00,-11797,3702,2111
5D23,2.00,-11977,3068,2005
5EA1,2.00,-12087,2613,1936
61EC,2.00,-12267,1613,1760
65D9,2.00,-12378,370,1550
66EF,2.00,-12386,29,1496
6927,2.00,-12382,-664,1368
6B49,2.00,-12339,-1344,1238
6DC1,2.00,-12240,-2131,1083
6FC9,2.00,-12128,-2764,952
719D,2.00,-11999,-3327,832
7222,2.00,-11959,-3490,794
7438,2.00,-11779,-4128,651
7423,2.00,-11782,-4109,672
7595,2.00,-11633,-4547,591
7764,2.00,-11426,-5083,480
7968,2.00,-11168,-5671,354
7BBF,2.00,-10837,-6342,204
7FED,2.00,-10129,-7479,-49
81B4,2.00,-9807,-7938,-156
825E,2.00,-9670,-8118,-201
82DC,2.00,-9577,-8245,-220
8539,2.00,-9099,-8829,-381
8821,2.00,-8470,-9494,-551
8825,2.00,-8455,-9506,-550
8923,2.00,-8229,-9717,-598
8A81,2.00,-7901,-10008,-675
8DAD,2.00,-7126,-10633,-840
8F0E,2.00,-6764,-10894,-897
8E90,2.00,-6900,-10802,-870
9117,2.00,-6235,-11237,-980
939D,2.00,-5541,-11630,-1085
93BF,2.00,-5510,-11652,-1106
98D2,2.00,-4068,-12292,-1316
9CC4,2.00,-2905,-12670,-1449
9FCE,2.00,-1993,-12871,-1535
A42A,2.00,-665,-13048,-1629
A306,2.00,-1023,-13023,-1604
A377,2.00,-881,-13034,-1610
A853,2.00,602,-13074,-1690
AC3A,2.00,1787,-12982,-1737
ADEE,2.00,2296,-12910,-1756
B14A,2.00,3292,-12688,-1778
B56E,2.00,4501,-12308,-1781
B9D8,2.00,5733,-11768,-1762
B9DA,2.00,5734,-11768,-1762
C070,1.95,7609,-10989,-1524
CD3C,1.95,10454,-8100,-1258
D467,1.95,11610,-6119,-1028
DC3E,1.95,12442,-3710,-722
E182,1.95,12742,-2025,-484
E6E8,1.95,12820,-261,-234
EE0E,1.95,12561,2074,136
F5C6,1.95,11835,4507,542
14A9,1.95,5194,11563,2062
2180,1.95,1465,12650,2497
26CC,1.95,-133,12754,2606
3A1F,1.95,-5702,11435,2800
533F,1.95,-11127,6119,2398
5BD2,1.95,-12140,3617,2077
5BD2,1.95,-12143,3609,2077
6693,1.95,-12666,206,1561
7315,1.95,-12117,-3842,891
83B7,1.95,-9585,-8650,-9
9204,1.95,-6067,-11647,-697
9B23,1.95,-3384,-12820,-988
A687,1.95,128,-13421,-1265
B196,1.95,3551,-13015,-1443
B35C,1.95,4074,-12856,-1448
B58D,1.95,4710,-12637,-1450
B4A2,1.90,4493,-12971,-1425
B947,1.90,5846,-12397,-1397
C012,1.90,7694,-11303,-1333
C573,1.90,9026,-10222,-1261
CA50,1.90,10087,-9066,-1171
D451,1.90,11814,-6307,-914
D82E,1.90,12281,-5132,-788
E347,1.90,12973,-1470,-247
EB5D,1.90,12914,1216,56
F374,1.90,12280,3859,465
F73D,1.90,11809,5021,695
0CFF,1.90,7367,10529,1737
1F78,1.90,2072,12825,2387
44B3,1.90,-8468,9867,2669
4FA1,1.90,-10704,7278,2453
5CAD,1.90,-12417,3434,2001
6900,1.90,-12870,-591,1415
7715,1.90,-11891,-5198,635
7FCF,1.90,-10519,-7789,152
8C21,1.90,-7752,-10829,-467
942A,1.90,-5545,-12268,-790
9DEE,1.90,-2582,-13372,-1082
A88C,1.90,765,-13709,-1307
B639,1.90,4944,-12833,-1411
B89B,1.85,5733,-12751,-1292
C7B5,1.85,9638,-9872,-1131
CA22,1.85,10154,-9272,-1086
E929,1.85,12997,751,336
EDE7,1.85,12937,2072,221
03E3,1.85,9666,8693,1271
1212,1.85,6059,11623,1863
1C18,1.85,3116,12824,2180
2991,1.85,-1008,13260,2478
402D,1.85,-7480,10963,2603
46E1,1.85,-9093,9622,2557
5503,1.85,-11728,5918,2243
5E51,1.85,-12731,3003,1915
6A78,1.85,-13045,-1072,1356
76F1,1.85,-12088,-5231,680
803E,1.85,-10599,-8034,190
8CD8,1.85,-7651,-11177,-412
9EBC,1.85,-2345,-13679,-977
B8C2,1.85,5769,-12743,-1273
B976,1.80,6107,-12892,-1052
C8E7,1.80,10072,-9825,-905
DEAE,1.80,13211,-3193,-355
E74B,1.80,13416,-198,-21
FCAB,1.80,11263,6880,891
044A,1.80,9696,8979,1215
1498,1.80,5379,12255,1815
1E3B,1.80,2461,13266,2069
25FB,1.80,59,13570,2242
3107,1.80,-3337,13195,2406
4547,1.80,-8875,10177,2443
5700,1.80,-12178,5454,2113
67B4,1.80,-13284,-115,1493
718A,1.80,-12838,-3508,1022
7E41,1.80,-11125,-7629,362
8FB5,1.80,-6957,-11983,-374
9FE5,1.80,-1987,-14041,-822
B241,1.80,3926,-13767,-1054
BBB8,1.80,6750,-12561,-1040
BF60,1.70,7983,-12385,-558
E1FA,1.70,13603,-2120,62
E1F3,1.70,13602,-2120,62
F1CF,1.70,13098,3531,502
FAAB,1.70,11852,6498,825
02A1,1.70,10256,8850,1097
1358,1.70,5834,12513,1619
1E5D,1.70,2468,13770,1871
3622,1.70,-4932,13238,2197
40C4,1.70,-7936,11575,2221
5467,1.70,-12111,6575,2016
5ADE,1.70,-12957,4477,1861
7263,1.70,-13125,-3948,979
7269,1.70,-13112,-3956,994
7AC0,1.70,-12019,-6812,641
8C40,1.70,-8092,-11750,-36
9818,1.70,-4529,-13839,-348
A722,1.70,413,-14842,-590
B744,1.70,5596,-13744,-679
BF9A,1.70,7986,-12377,-654
B7FE,1.60,6068,-14196,109
DE4F,1.60,13802,-3699,179
EE34,1.60,13700,2269,460
EE2B,1.60,13702,2259,458
F94C,1.60,12311,6218,692
07A2,1.60,9210,10465,974
163E,1.60,4988,13373,1226
2F79,1.60,-3073,14309,1558
47DD,1.60,-9917,10451,1763
5638,1.60,-12660,6294,1704
5F18,1.60,-13626,3203,1581
6C70,1.60,-13813,-1765,1288
7925,1.60,-12507,-6423,925
8743,1.60,-9563,-10877,542
9890,1.60,-4387,-14400,233
A462,1.60,-410,-15319,99
BAA8,1.60,6821,-13779,-11
BE5D,1.60,7878,-13124,-14
C03D,1.60,8405,-12730,-11
C648,1.60,9979,-11353,24
CBC9,1.50,11428,-10275,709
D878,1.50,13516,-6068,621
E04A,1.50,14144,-3126,597
EF08,1.50,13830,2612,597
F9D9,1.50,12370,6599,633
17CA,1.50,4548,14109,747
361E,1.50,-5196,14309,994
6D66,1.50,-14022,-2261,1233
7718,1.50,-13016,-6026,1140
925D,1.50,-6493,-14004,925
A92B,1.50,1076,-15815,1031
BBF1,1.50,7062,-13809,981
BE31,1.50,7691,-13374,973
C252,1.30,9377,-13423,3289
D2B0,1.30,12808,-8650,2612
D524,1.30,13175,-7793,2464
E7D6,1.30,14223,-420,1406
EF23,1.30,13772,2580,966
F679,1.30,12830,5484,549
FD0F,1.30,11617,7920,185
006C,1.30,10884,9063,10
0722,1.30,9188,11142,-330
1DCA,1.30,2275,15446,-1194
26D2,1.30,-634,15918,-1325
2CAA,1.30,-2497,15848,-1321
37C4,1.30,-5895,14925,-1160
46C6,1.30,-9968,12063,-653
4E52,1.30,-11654,9957,-334
583B,1.30,-13325,6629,166
6129,1.30,-14149,3144,580
6913,1.30,-14295,-129,959
89A7,1.30,-8915,-12563,2404
9B6C,1.30,-3138,-16139,3018
9EAA,1.30,-2016,-16430,3124
ADA3,1.30,3057,-16520,3313
C01F,1.30,8753,-14065,3073
C4A8,1.30,9930,-12988,2973
C449,2.05,8266,-9779,-1680
D241,2.05,10929,-6437,-1298
D505,2.05,11303,-5666,-1196
E5D6,2.05,12419,-553,-404
F8A0,2.05,11097,5156,674
06BF,2.05,8532,8698,1473
18FE,2.05,3878,11587,2321
26C3,2.05,-87,12251,2725
3FD2,2.05,-6929,10112,2895
4B72,2.05,-9451,7781,2697
5E7A,2.05,-11955,2632,1990
6AC0,2.05,-12213,-1147,1338
74C3,2.05,-11582,-4218,730
8383,2.05,-9348,-8261,-189
9764,2.05,-4429,-11931,-1169
9EC3,2.05,-2279,-12598,-1424
AFA9,2.05,2786,-12600,-1763
BA69,2.05,5832,-11505,-1771
B780,2.10,4935,-11620,-1881
CE4B,2.10,10094,-7309,-1499
DB66,2.10,11746,-3699,-965
E91D,2.10,12147,485,-238
F252,2.10,11618,3260,307
0B0D,2.10,7416,9375,1761
2416,2.10,686,11965,2730
3719,2.10,-4615,11078,2982
48F7,2.10,-8802,8142,2791
5F28,2.10,-11775,2351,1951
6B4B,2.10,-11973,-1308,1278
7EBF,2.10,-10040,-6896,39
8788,2.10,-8341,-8986,-466
9268,2.10,-5710,-10994,-1026
9AEE,2.10,-3365,-12013,-1386
AD5A,2.10,2056,-12438,-1855
BA1B,2.10,5617,-11286,-1886
CB2C,2.10,9539,-8079,-1590
C377,2.15,7771,-9486,-1842
D0B6,2.15,10314,-6536,-1485
D4C8,2.15,10894,-5465,-1343
E1D8,2.15,11963,-1711,-754
E5CA,2.15,12036,-522,-554
F3D0,2.15,11346,3644,245
F811,2.15,10864,4831,496
007C,2.15,9546,6992,995
060D,2.15,8459,8258,1323
0F5A,2.15,6314,9975,1808
1431,2.15,5066,10662,2048
1926,2.15,3740,11199,2253
244D,2.15,608,11799,2628
2DD9,2.15,-2081,11641,2830
36E7,2.15,-4526,10926,2930
400C,2.15,-6785,9671,2911
4784,2.15,-8415,8297,2812
54CE,2.15,-10627,5176,2449
6727,2.15,-11853,-64,1588
6F3E,2.15,-11626,-2465,1109
7A2D,2.15,-10568,-5574,422
87AA,2.15,-8190,-8852,-383
AD57,2.15,2027,-12192,-1793
B7C6,2.15,4944,-11355,-1875
BBE7,2.15,6024,-10816,-1868
C190,2.20,7228,-9653,-1907
DC75,2.20,11431,-3214,-1028
F5A7,2.20,10924,4077,413
FFBC,2.20,9473,6658,1026
0D96,2.20,6611,9443,1809
1AA2,2.20,3271,11042,2405
25B8,2.20,225,11511,2756
2D2E,2.20,-1828,11371,2907
3D20,2.20,-5945,9868,2987
4E91,2.20,-9495,6561,2658
5E51,2.20,-11310,2457,2019
6925,2.20,-11605,-651,1422
7D8D,2.20,-9883,-6331,145
90D8,2.20,-5931,-10316,-939
9953,2.20,-3709,-11397,-1336
A2A2,2.20,-1091,-11993,-1649
ADF1,2.20,2143,-11895,-1876
B626,2.20,4403,-11278,-1952
BBD0,2.20,5869,-10569,-1944
B985,2.30,5039,-10363,-2081
CCDD,2.30,9064,-6941,-1749
DC1C,2.30,10877,-3128,-1088
F000,2.30,10918,2377,56
FFAE,2.30,9075,6319,1051
0EB7,2.30,6092,9141,1944
31A0,2.30,-2859,10531,3041
4516,2.30,-7357,8087,2910
5462,2.30,-9858,4849,2421
6391,2.30,-11010,886,1637
7005,2.30,-10815,-2529,842
7394,2.30,-10565,-3473,610
8295,2.30,-8632,-7137,-374
923C,2.30,-5351,-9949,-1266
9C54,2.30,-2783,-11014,-1699
A6DE,2.30,62,-11402,-2008
BAE3,2.30,5312,-10112,-2134
BF6F,2.30,6386,-9473,-2077
C273,2.30,7050,-8989,-2024
C63F,2.40,7523,-7912,-1969
CEED,2.40,8982,-6151,-1721
DA5B,2.40,10278,-3408,-1228
E0E7,2.40,10670,-1708,-875
EF3F,2.40,10493,2087,-20
001C,2.40,8638,6116,1051
0DDA,2.40,6044,8598,1848
1DA8,2.40,2301,10176,2552
2C98,2.40,-1487,10295,2937
3DE0,2.40,-5575,8806,2984
49DC,2.40,-7912,6833,2755
524C,2.40,-9182,5076,2470
58B8,2.40,-9892,3578,2191
68AE,2.40,-10596,-512,1308
70F0,2.40,-10303,-2656,776
7C06,2.40,-9243,-5375,59
85E6,2.40,-7705,-7491,-550
8C99,2.40,-6404,-8686,-936
9ABD,2.40,-3088,-10391,-1597
A419,2.40,-677,-10860,-1912
AD4E,2.40,1727,-10762,-2098
B629,2.40,3964,-10158,-2163
BEC7,2.40,5978,-9129,-2109
BFCA,2.40,6196,-8984,-2096
BC8E,2.50,5265,-9043,-2144
CE01,2.50,8497,-6064,-1767
D936,2.50,9787,-3520,-1300
E28A,2.50,10287,-1198,-806
ED1F,2.50,10182,1509,-163
F64B,2.50,9540,3715,395
F64B,2.50,9540,3715,395
F64A,2.50,9540,3713,394
0297,2.50,7909,6358,1161
11E6,2.50,4948,8758,2006
217C,2.50,1292,9910,2630
2A18,2.50,-810,9935,2839
3EB3,2.50,-5523,8313,2924
5672,2.50,-9292,3921,2240
65E4,2.50,-10163,190,1437
7789,2.50,-9383,-4136,309
86C1,2.50,-7260,-7316,-652
8FFF,2.50,-5439,-8783,-1153
9992,2.50,-3258,-9835,-1600
A726,2.50,94,-10380,-2010
B1D5,2.50,2751,-10034,-2166
BCB3,2.50,5270,-8988,-2150
C1F0,2.50,6371,-8248,-2083
C2EF,2.50,6568,-8094,-2066
BB1F,2.70,4484,-8326,-2137
D545,2.70,8557,-4008,-1458
E591,2.70,9402,-369,-627
F8A2,2.70,8468,3859,517
0D10,2.70,5453,7345,1696
2026,2.70,1494,8913,2490
310B,2.70,-2251,8724,2803
44E5,2.70,-6141,6669,2663
5BA0,2.70,-8874,2429,1836
69A8,2.70,-9247,-693,1052
7364,2.70,-8864,-2858,452
7DB7,2.70,-7886,-4995,-197
9194,2.70,-4660,-8108,-1289
9FA2,2.70,-1655,-9216,-1837
AE68,2.70,1712,-9219,-2133
BB39,2.70,4479,-8266,-2142
C6DA,2.70,6629,-6697,-1947
BCC2,2.90,4375,-7368,-2030
D141,2.90,7383,-4361,-1533
EAA8,2.90,8520,730,-315
F657,2.90,7910,3068,355
FB15,2.90,7470,3952,618
0244,2.90,6625,5167,1017
086A,2.90,5741,6079,1346
0DD0,2.90,4857,6758,1614
1505,2.90,3561,7462,1940
1A06,2.90,2594,7811,2127
2719,2.90,-40,8186,2485
2ECC,2.90,-1602,8011,2594
37BD,2.90,-3330,7471,2625
4173,2.90,-5048,6483,2535
4ACD,2.90,-6444,5185,2325
5429,2.90,-7508,3607,2011
5EDD,2.90,-8250,1553,1541
6B50,2.90,-8406,-972,873
738E,2.90,-8058,-2630,401
80A1,2.90,-6868,-5028,-359
89F8,2.90,-5550,-6450,-857
9567,2.90,-3554,-7724,-1381
9B6B,2.90,-2384,-8160,-1612
A868,2.90,297,-8490,-1934
B2FD,2.90,2477,-8136,-2051
B86E,2.90,3549,-7744,-2047
BBD4,2.90,4184,-7431,-2025
BFBF,2.90,4885,-7004,-1983
C2B4,2.90,5380,-6633,-1937
