FEI-1210020[64097130]
;
723F,2.00,8313,4429,964
7C36,2.00,6977,6260,1289
7ECF,2.00,6565,6682,1370
8166,2.00,6127,7071,1440
83BC,2.00,5696,7398,1500
845D,2.00,5584,7479,1514
8680,2.00,5175,7753,1562
87F7,2.00,4894,7934,1594
8A96,2.00,4373,8212,1643
8B88,2.00,4182,8314,1660
8CCB,2.00,3916,8433,1680
8D66,2.00,3789,8484,1690
8E66,2.00,3578,8570,1704
8F4C,2.00,3383,8645,1716
9083,2.00,3125,8733,1731
9120,2.00,2989,8777,1738
9202,2.00,2799,8846,1750
93CA,2.00,2412,8950,1766
9460,2.00,2284,8983,1772
950A,2.00,2137,9014,1776
968D,2.00,1797,9073,1786
974B,2.00,1631,9114,1793
97CF,2.00,1515,9130,1796
9838,2.00,1424,9143,1799
98F4,2.00,1257,9164,1801
9A37,2.00,968,9185,1803
9AF4,2.00,801,9192,1803
9BA8,2.00,640,9201,1804
9CCE,2.00,381,9216,1806
9D9C,2.00,199,9217,1805
9EE6,2.00,-82,9218,1803
9F50,2.00,-174,9222,1803
A03B,2.00,-381,9207,1799
A03B,2.00,-381,9207,1800
A244,2.00,-846,9162,1789
A280,2.00,-898,9158,1787
A2F3,2.00,-997,9148,1785
A38B,2.00,-1134,9135,1784
A4B1,2.00,-1396,9094,1775
A61B,2.00,-1714,9035,1764
A7B4,2.00,-2066,8953,1748
A93F,2.00,-2401,8860,1731
AAB6,2.00,-2717,8768,1712
ABEB,2.00,-2974,8679,1696
AC35,2.00,-3038,8663,1692
AF29,2.00,-3656,8402,1644
B17F,2.00,-4145,8178,1604
B364,2.00,-4520,7976,1567
B586,2.00,-4922,7713,1519
B68E,2.00,-5123,7590,1498
B7DA,2.00,-5362,7424,1466
B92A,2.00,-5589,7237,1432
BBCF,2.00,-6062,6866,1366
BCC6,2.00,-6222,6721,1338
BF01,2.00,-6585,6372,1272
C19B,2.00,-6972,5922,1192
C26F,2.00,-7093,5783,1165
C37D,2.00,-7237,5599,1131
C4B2,2.00,-7403,5380,1091
C650,2.00,-7610,5084,1038
C896,2.00,-7871,4645,957
CA0C,2.00,-8038,4362,905
CAFF,2.00,-8137,4173,871
CDBC,2.00,-8411,3615,769
CE4C,2.00,-8468,3497,748
CFA7,2.00,-8578,3205,698
D105,2.00,-8690,2915,644
D284,2.00,-8785,2599,585
D507,2.00,-8943,2059,489
DBB9,2.00,-9139,566,219
DE7D,2.00,-9155,-49,104
E00A,2.00,-9147,-397,37
E29D,2.00,-9094,-973,-63
E451,2.00,-9044,-1358,-132
E575,2.00,-9008,-1617,-178
E8FF,2.00,-8823,-2385,-317
EABD,2.00,-8710,-2758,-380
ECD6,2.00,-8554,-3199,-462
EDBD,2.00,-8479,-3386,-499
EEA9,2.00,-8399,-3582,-533
F022,2.00,-8260,-3885,-589
F259,2.00,-8018,-4332,-668
F39B,2.00,-7881,-4580,-714
F872,2.00,-7271,-5481,-873
F967,2.00,-7141,-5650,-905
F9E8,2.00,-7061,-5734,-922
FADD,2.00,-6925,-5906,-954
FC7D,2.00,-6677,-6181,-1027
FE32,2.00,-6407,-6450,-1067
0111,2.00,-5934,-6887,-1150
01F0,2.00,-5780,-7015,-1169
02B1,2.00,-5642,-7126,-1175
042E,2.00,-5380,-7332,-1213
0575,2.00,-5145,-7495,-1256
0685,2.00,-4946,-7632,-1296
08D9,2.00,-4499,-7905,-1351
0AFA,2.00,-4073,-8141,-1377
0C6E,2.00,-3769,-8279,-1406
0E8D,2.00,-3328,-8475,-1443
0EF6,2.00,-3241,-8511,-1464
10C5,2.00,-2859,-8656,-1479
1182,2.00,-2702,-8711,-1490
12C0,2.00,-2432,-8792,-1511
1440,2.00,-2104,-8875,-1524
1610,2.00,-1699,-8981,-1552
1666,2.00,-1621,-8988,-1550
17CB,2.00,-1313,-9054,-1553
1A28,2.00,-771,-9097,-1553
1E99,2.00,229,-9184,-1574
2315,2.00,1252,-9124,-1545
2423,2.00,1490,-9098,-1533
2757,2.00,2207,-8953,-1491
2AA9,2.00,2933,-8763,-1458
2F46,2.00,3922,-8389,-1378
357F,2.00,5171,-7734,-1241
38E5,2.00,5807,-7287,-1153
3E1E,2.00,6702,-6520,-990
4332,2.00,7443,-5629,-815
48E4,2.00,8189,-4583,-596
4B72,2.00,8471,-4070,-559
4E14,2.00,8730,-3524,-462
5049,2.00,8911,-3054,-391
54C5,2.00,9200,-2082,-217
58EE,2.00,9367,-1152,-45
5C83,2.00,9430,-339,102
6384,2.00,9354,1253,385
64F7,2.00,9298,1575,443
67F5,2.00,9156,2239,564
6B18,2.00,8949,2918,687
6E52,2.00,8693,3617,812
7467,2.00,8038,4837,1038
784B,2.00,7540,5570,1172
7B3F,2.00,7111,6092,1263
82AF,2.00,5876,7247,1477
8768,2.00,4989,7851,1580
8BA8,2.00,4145,8318,1660
8FEB,2.00,3249,8694,1727
958C,2.00,2016,9029,1779
9E1B,2.00,86,9214,1803
A163,2.00,-647,9185,1791
A675,2.00,-1788,9019,1758
AE70,2.00,-3512,8475,1658
B466,2.00,-4714,7849,1547
BC1F,2.00,-6110,6811,1357
C262,2.00,-7087,5790,1165
C83F,2.00,-7845,4713,968
CFA2,2.00,-8581,3208,699
D6EC,2.00,-9012,1645,416
E04C,2.00,-9137,-451,31
E58D,2.00,-8997,-1628,-177
EB49,2.00,-8673,-2865,-402
EF6C,2.00,-8332,-3731,-555
F35C,2.00,-7912,-4525,-697
F8DC,2.00,-7208,-5545,-877
0309,2.00,-5576,-7164,-1163
0896,2.00,-4546,-7869,-1289
0F5E,2.00,-3158,-8544,-1407
14D6,2.00,-1977,-8930,-1476
1A19,2.00,-790,-9102,-1503
25E1,2.00,1875,-9025,-1482
2699,2.00,2037,-8995,-1475
300B,2.00,4073,-8328,-1353
3901,2.00,5825,-7280,-1161
3D1A,2.00,6533,-6678,-1050
44B3,2.00,7672,-5375,-812
4C96,2.00,8600,-3842,-529
50BC,2.00,8945,-2957,-369
52B9,2.00,9080,-2528,-292
5CA5,2.00,9428,-308,112
61CA,2.00,9406,861,318
643F,2.00,9318,1417,420
65D6,2.00,9262,1772,487
6835,2.00,9140,2295,579
6C1A,2.00,8880,3139,736
6F8D,2.00,8578,3874,867
70C6,2.00,8457,4119,919
741D,2.00,8072,4781,1035
782D,2.00,7549,5537,1172
7B1E,2.00,7125,6066,1272
7D61,2.00,6781,6447,1334
7EB9,2.00,6563,6658,1376
7F6B,2.00,6445,6760,1413
81E6,1.95,6157,7280,1474
84BF,1.95,5622,7685,1545
87FC,1.95,4991,8100,1619
8CBC,1.95,4017,8613,1708
91A1,1.95,2947,9018,1779
97CA,1.95,1553,9330,1833
9ADD,1.95,837,9399,1845
A07A,1.95,-452,9411,1841
A25A,1.95,-887,9371,1830
A73F,1.95,-2021,9183,1800
AEBC,1.95,-3656,8634,1696
B464,1.95,-4819,8027,1588
B786,1.95,-5426,7632,1519
BD2E,1.95,-6439,6800,1362
C2E1,1.95,-7325,5835,1181
C747,1.95,-7900,5005,1013
CB74,1.95,-8394,4179,873
D0E2,1.95,-8868,3010,644
D50C,1.95,-9132,2097,467
DBD3,1.95,-9344,554,209
E0DF,1.95,-9339,-599,0
E999,1.95,-8977,-2565,-364
F11A,1.95,-8336,-4166,-645
F573,1.95,-7829,-5036,-797
FF43,1.95,-6377,-6764,-1109
0600,1.95,-5173,-7759,-1271
0DBF,1.95,-3594,-8618,-1436
11D8,1.95,-2695,-8940,-1499
15EA,1.95,-1781,-9179,-1542
1AD3,1.95,-640,-9339,-1571
1D3B,1.95,-80,-9393,-1561
2561,1.95,1805,-9261,-1533
3507,1.95,5191,-7971,-1289
4492,1.95,7848,-5536,-834
4C40,1.95,8767,-4006,-543
55CC,1.95,9468,-1900,-172
5B5A,1.95,9642,-617,65
64E4,1.95,9503,1596,469
78ED,1.95,7628,5820,1248
7F46,1.90,6754,7055,1456
86CF,1.90,5339,8143,1642
943B,1.90,2417,9383,1851
A76A,1.90,-2107,9384,1835
B147,1.90,-4300,8585,1689
BCBA,1.90,-6513,7036,1404
C660,1.90,-7976,5303,1079
D034,1.90,-9031,3235,700
DA54,1.90,-9547,923,279
EC20,1.90,-9002,-3191,-469
F24A,1.90,-8419,-4523,-698
F706,1.90,-7811,-5463,-864
FC9D,1.90,-6975,-6492,-1054
0382,1.90,-5755,-7575,-1244
0BFF,1.90,-4049,-8621,-1428
1184,1.90,-2837,-9122,-1513
2410,1.90,1532,-9530,-1571
3781,1.90,5796,-7830,-1252
4649,1.90,8225,-5313,-787
56DF,1.90,9716,-1691,-121
5C42,1.90,9862,-416,105
6DD7,1.90,9131,3678,847
78D0,1.90,7803,5919,1255
7ABB,1.90,7518,6277,1320
8002,1.85,6777,7336,1517
867C,1.85,5530,8294,1682
8D9A,1.85,3994,9094,1821
93F5,1.85,2529,9584,1900
9DB7,1.85,177,9874,1942
AC36,1.85,-3269,9272,1818
BCE4,1.85,-6697,7172,1430
C6E8,1.85,-8253,5325,1082
D112,1.85,-9315,3112,676
D45C,1.85,-9545,2363,543
DA32,1.85,-9773,976,288
E216,1.85,-9752,-913,-60
E9F0,1.85,-9389,-2763,-391
EF4E,1.85,-8925,-3976,-607
F7F4,1.85,-7853,-5764,-922
0B2A,1.85,-4336,-8744,-1446
0FF1,1.85,-3268,-9213,-1528
164D,1.85,-1782,-9630,-1602
1BFE,1.85,-392,-9822,-1635
2FB5,1.85,4287,-8961,-1463
3CF4,1.85,6962,-7175,-1126
551F,1.85,9874,-2152,-178
665C,1.85,9888,2021,578
73EB,1.85,8681,5080,1144
7A90,1.85,7725,6398,1402
7C71,1.80,7578,6901,1443
844A,1.80,6117,8184,1668
8A4D,1.80,4834,8968,1805
90E0,1.80,3327,9604,1911
9AA0,1.80,947,10068,1985
A04E,1.80,-449,10084,1983
AD12,1.80,-3549,9406,1848
B322,1.80,-4911,8761,1730
CAB5,1.80,-8920,4637,959
D297,1.80,-9642,2825,635
DB9E,1.80,-10024,645,235
E651,1.80,-9822,-1975,-244
EDEC,1.80,-9270,-3753,-559
F7E9,1.80,-8053,-5902,-941
0316,1.80,-6122,-7873,-1287
0A25,1.80,-4659,-8830,-1460
130E,1.80,-2608,-9660,-1601
1920,1.80,-1121,-9972,-1657
1D2A,1.80,-115,-10060,-1667
2D95,1.80,3891,-9374,-1534
320B,1.80,4896,-8905,-1447
3FFE,1.80,7660,-6824,-1052
4CC1,1.80,9426,-4177,-562
5F27,1.80,10332,285,242
6C7E,1.80,9686,3534,832
78C4,1.80,8185,6197,1319
7B65,1.80,7768,6702,1417
7B9C,1.70,8054,7045,1477
9151,1.70,3358,10071,2009
9DDD,1.70,141,10565,2082
A986,1.70,-2841,10124,1988
BB1B,1.70,-6825,7973,1595
C6FA,1.70,-8851,5679,1166
D1BC,1.70,-10023,3162,707
D84E,1.70,-10413,1528,406
E374,1.70,-10411,-1337,-118
EAA6,1.70,-10012,-3141,-441
F823,1.70,-8403,-6223,-992
0027,1.70,-7010,-7751,-1260
07D0,1.70,-5420,-8951,-1472
0FBD,1.70,-3560,-9849,-1629
1698,1.70,-1843,-10342,-1713
1AE4,1.70,-724,-10496,-1739
1AE4,1.70,-723,-10497,-1739
1F7F,1.70,471,-10535,-1740
2A90,1.70,3313,-10064,-1648
4256,1.70,8424,-6677,-1019
4FF3,1.70,10178,-3596,-446
5A9B,1.70,10795,-890,46
6B15,1.70,10249,3347,808
7679,1.70,8922,6003,1297
7D1F,1.70,7806,7335,1544
7D28,1.60,8131,7681,1617
88FF,1.60,5584,9644,1956
9210,1.60,3311,10614,2119
9E5F,1.60,7,11065,2181
AD43,1.60,-3951,10277,2022
BA76,1.60,-7024,8460,1687
C71A,1.60,-9266,5903,1210
CEF8,1.60,-10249,4024,863
ED51,1.60,-10228,-3971,-584
FE24,1.60,-7719,-7727,-1250
1495,1.60,-2469,-10718,-1771
3212,1.60,5347,-9758,-1576
3C38,1.60,7622,-8183,-1279
477D,1.60,9615,-5833,-848
5433,1.60,11004,-2658,-264
5D7D,1.60,11325,-145,182
6C71,1.60,10621,3865,908
74CC,1.60,9590,5899,1284
7B35,1.60,8534,7291,1539
7D22,1.50,8540,8054,1680
8C46,1.50,5021,10557,2114
9639,1.50,2312,11414,2254
9DBE,1.50,173,11600,2280
A8B4,1.50,-2914,11192,2195
B223,1.50,-5413,10201,2017
BE21,1.50,-8145,8164,1647
C8D6,1.50,-10004,5774,1205
CECA,1.50,-10746,4264,930
D37A,1.50,-11175,2996,702
D8ED,1.50,-11453,1490,424
E1F4,1.50,-11483,-1052,-41
ED44,1.50,-10744,-4157,-597
F471,1.50,-9832,-5977,-918
0081,1.50,-7624,-8590,-1389
09F9,1.50,-5415,-10138,-1658
1087,1.50,-3706,-10909,-1790
1520,1.50,-2450,-11298,-1856
1AFC,1.50,-785,-11550,-1896
2389,1.50,1654,-11513,-1881
30CC,1.50,5286,-10424,-1680
3E05,1.50,8370,-8235,-1277
4B9D,1.50,10677,-5096,-699
5AD0,1.50,11820,-921,57
6C0B,1.50,11145,3941,928
7791,1.50,9579,6836,1466
788A,1.50,9422,7060,1506
772C,1.30,10559,7405,1568
7FE6,1.30,8742,9450,1921
85DE,1.30,7240,10596,2122
8A71,1.30,6007,11322,2249
918E,1.30,3938,12171,2395
A4A9,1.30,-1978,12533,2445
AC52,1.30,-4293,11924,2326
B842,1.30,-7550,10147,2000
C1B2,1.30,-9680,8129,1634
CBF8,1.30,-11413,5465,1151
D382,1.30,-12240,3272,756
DF3E,1.30,-12648,-322,109
F2A5,1.30,-11068,-6069,-906
0067,1.30,-8391,-9394,-1486
0B54,1.30,-5571,-11318,-1821
16D2,1.30,-2181,-12486,-2022
1B01,1.30,-872,-12659,-2048
2DAB,1.30,4872,-11844,-1880
485D,1.30,11174,-6488,-905
5369,1.30,12534,-3296,-336
5BDB,1.30,12993,-681,132
6B31,1.30,12285,4071,975
7B32,1.30,9768,8384,1760
8033,1.30,8648,9492,1961
81E7,2.05,5904,6994,1409
8D31,2.05,3764,8295,1638
9401,2.05,2318,8763,1718
A5E5,2.05,-1624,8840,1722
B15B,2.05,-4018,8007,1568
BA0A,2.05,-5616,6959,1381
C788,2.05,-7573,4744,968
CDF7,2.05,-8229,3487,743
D5A8,2.05,-8742,1878,451
E076,2.05,-8924,-476,21
EEA2,2.05,-8189,-3488,-509
F440,2.05,-7619,-4587,-700
FF58,2.05,-6067,-6470,-1037
0828,2.05,-4516,-7632,-1242
0EA1,2.05,-3236,-8286,-1358
144D,2.05,-2045,-8669,-1426
16A2,2.05,-1535,-8790,-1449
217F,2.05,863,-8939,-1473
2AF5,2.05,2924,-8538,-1398
4298,2.05,7211,-5618,-853
4F53,2.05,8635,-3183,-415
6171,2.05,9158,760,289
68AD,2.05,8903,2339,576
731D,2.05,7997,4480,964
7842,2.05,7372,5429,1137
7A9C,2.10,6889,5720,1181
8661,2.10,4954,7373,1478
8F5C,2.10,3220,8258,1632
9BF7,2.10,551,8790,1716
AD6F,2.10,-3139,8158,1583
B51E,2.10,-4620,7412,1448
BE97,2.10,-6213,6147,1213
C6F0,2.10,-7331,4745,955
CB6A,2.10,-7793,3906,805
D43A,2.10,-8488,2136,483
DBD7,2.10,-8727,519,191
E95C,2.10,-8382,-2341,-323
F399,2.10,-7509,-4358,-673
04FB,2.10,-4986,-7090,-1154
113F,2.10,-2626,-8291,-1366
176B,2.10,-1321,-8635,-1426
2332,2.10,1224,-8698,-1428
3437,2.10,4696,-7522,-1206
4EF1,2.10,8387,-3178,-418
5E18,2.10,9002,19,164
6C6F,2.10,8440,3057,706
78E2,2.10,7119,5408,1132
7F93,2.10,6132,6477,1322
8048,2.15,5890,6445,1297
8B10,2.15,3988,7694,1517
926C,2.15,2532,8255,1613
9EB8,2.15,-37,8597,1667
A92F,2.15,-2219,8274,1603
B70C,2.15,-4894,6988,1368
CBB4,2.15,-7643,3763,778
D728,2.15,-8400,1489,369
0E42,2.15,-3151,-7869,-1284
1D02,2.15,-117,-8557,-1411
276A,2.15,2079,-8338,-1366
446E,2.15,7130,-5060,-748
545F,2.15,8566,-2021,-187
5EE5,2.15,8790,189,233
6661,2.15,8613,1763,483
72D2,2.15,7671,4222,932
7C6B,2.15,6464,5850,1240
8195,2.20,5545,6474,1295
907A,2.20,2861,7955,1558
9DBD,2.20,168,8399,1626
A6AB,2.20,-1659,8202,1582
ADD8,2.20,-3072,7766,1501
B922,2.20,-5085,6608,1288
C33F,2.20,-6559,5145,1006
C82E,2.20,-7126,4316,848
D164,2.20,-7907,2595,530
D80A,2.20,-8226,1283,268
E054,2.20,-8295,-407,-75
EB06,2.20,-7883,-2549,-471
F483,2.20,-7059,-4303,-819
FC2B,2.20,-6104,-5550,-1054
04EE,2.20,-4753,-6743,-1267
0CBE,2.20,-3351,-7537,-1423
13E4,2.20,-1968,-8037,-1483
1CCF,2.20,-142,-8333,-1498
279B,2.20,2078,-8124,-1395
2EBE,2.20,3482,-7682,-1237
4688,2.20,7196,-4576,-669
535B,2.20,8300,-2172,-238
60B8,2.20,8571,564,249
7296,2.20,7522,4085,879
78AC,2.20,6826,5123,1068
7E4C,2.20,6048,6002,1220
7D87,2.30,5909,5651,1140
8BCF,2.30,3611,7259,1421
9424,2.30,2058,7813,1511
9ECA,2.30,-38,8030,1543
A556,2.30,-1312,7895,1515
B7BA,2.30,-4631,6486,1251
C584,2.30,-6525,4575,903
CC44,2.30,-7193,3424,699
DCA3,2.30,-7945,328,147
FDA0,2.30,-5640,-5533,-880
0EDA,2.30,-2825,-7382,-1199
15D5,2.30,-1514,-7800,-1270
1A85,2.30,-584,-7932,-1290
2190,2.30,800,-7958,-1292
30FA,2.30,3736,-7162,-1149
40AB,2.30,6191,-5284,-804
4902,2.30,7146,-3960,-565
566C,2.30,8091,-1491,-124
6849,2.30,7945,2009,492
742B,2.30,7034,4174,876
79A3,2.30,6415,5052,1035
7CBC,2.30,6012,5514,1121
7E28,2.40,5589,5507,1090
8797,2.40,4158,6569,1272
901F,2.40,2694,7252,1394
9672,2.40,1544,7558,1449
A529,2.40,-1217,7556,1438
AF29,2.40,-3017,7009,1331
BA7C,2.40,-4834,5891,1134
C23E,2.40,-5851,4858,946
CD60,2.40,-6963,3082,634
E135,2.40,-7577,-539,-13
E6BE,2.40,-7422,-1567,-192
F282,2.40,-6638,-3612,-547
FF20,2.40,-5194,-5491,-865
08D6,2.40,-3727,-6585,-1053
111E,2.40,-2301,-7221,-1166
1B4E,2.40,-404,-7603,-1229
2435,2.40,1275,-7550,-1215
323D,2.40,3786,-6739,-1072
39CC,2.40,4978,-5957,-930
4BF5,2.40,7103,-3288,-453
56C7,2.40,7740,-1354,-110
6459,2.40,7755,1199,332
6C3F,2.40,7389,2640,588
750F,2.40,6652,4137,850
8024,2.40,5285,5724,1134
7E0B,2.50,5337,5230,1025
8AF6,2.50,3449,6570,1255
9CC4,2.50,342,7334,1385
A45E,2.50,-1010,7252,1367
AF64,2.50,-2912,6683,1259
B71A,2.50,-4123,6004,1141
BD32,2.50,-4967,5306,1022
C1DE,2.50,-5544,4703,908
C9E9,2.50,-6364,3505,700
D25C,2.50,-6943,2113,455
DEC4,2.50,-7248,-71,68
E84C,2.50,-7007,-1820,-237
F09A,2.50,-6502,-3144,-464
FB19,2.50,-5449,-4717,-731
086E,2.50,-3609,-6247,-989
1111,2.50,-2198,-6889,-1104
1AC4,2.50,-476,-7243,-1165
26B0,2.50,1666,-7128,-1145
41F7,2.50,5832,-4659,-701
5455,2.50,7306,-1727,-183
5B1A,2.50,7501,-519,29
6B72,2.50,7111,2385,530
75A6,2.50,6307,4049,821
7E9B,2.50,5257,5281,1041
7CC7,2.70,5045,4646,891
853B,2.70,3981,5543,1052
90FA,2.70,2242,6398,1192
A205,2.70,-530,6700,1239
AED9,2.70,-2572,6167,1141
B6FA,2.70,-3767,5494,1027
D1FF,2.70,-6340,1999,420
DBE8,2.70,-6618,403,142
E77A,2.70,-6453,-1483,-187
EEA3,2.70,-6068,-2585,-373
F1BC,2.70,-5845,-3043,-452
F947,2.70,-5176,-4088,-628
0374,2.70,-3981,-5262,-823
0A96,2.70,-2990,-5894,-928
15F7,2.70,-1215,-6530,-1036
1DAC,2.70,48,-6667,-1058
23B0,2.70,1048,-6615,-1047
3570,2.70,3791,-5623,-876
455F,2.70,5679,-3814,-553
5899,2.70,6829,-878,-47
6643,2.70,6755,1371,334
7A2F,2.70,5325,4311,839
7B72,2.70,5191,4470,864
7AE2,2.90,4822,4046,764
87F6,2.90,3306,5306,974
8F76,2.90,2153,5841,1063
B071,2.90,-2572,5547,1021
BA02,2.90,-3791,4783,865
C437,2.90,-4851,3678,645
CBD2,2.90,-5448,2695,521
D22C,2.90,-5791,1812,375
DCBC,2.90,-6061,249,109
E49E,2.90,-5984,-927,-93
EE8E,2.90,-5561,-2360,-330
F3AC,2.90,-5216,-3042,-440
F792,2.90,-4886,-3533,-528
0142,2.90,-3901,-4612,-700
08DD,2.90,-2959,-5273,-810
0F9B,2.90,-2037,-5706,-883
16F9,2.90,-951,-6012,-936
1BBC,2.90,-232,-6104,-948
239E,2.90,954,-6059,-943
2AC3,2.90,2014,-5821,-903
328C,2.90,3091,-5370,-829
40D3,2.90,4796,-4039,-598
4926,2.90,5527,-3011,-423
5A1A,2.90,6308,-580,-11
62B6,2.90,6290,731,204
6E87,2.90,5827,2451,496
731E,2.90,5508,3072,601
76E7,2.90,5198,3559,685
7985,2.90,4959,3882,737
